
1 of 1 (100%): TestB
Seq=ABCDABCDDDCCBBAA

M=conectivities matrix
 0.0 1.0 1.0 1.0 1.0 0.0 0.0 0.0 0.0 0.0 0.0 0.0 0.0 0.0 0.0 0.0 0.0
 1.0 0.0 0.0 0.0 0.0 1.0 0.0 0.0 0.0 0.0 0.0 0.0 0.0 0.0 0.0 0.0 0.0
 1.0 0.0 0.0 0.0 0.0 0.0 1.0 0.0 0.0 0.0 0.0 0.0 0.0 0.0 0.0 0.0 0.0
 1.0 0.0 0.0 0.0 0.0 0.0 0.0 1.0 0.0 0.0 0.0 0.0 0.0 0.0 0.0 0.0 0.0
 1.0 0.0 0.0 0.0 0.0 0.0 0.0 0.0 1.0 0.0 0.0 0.0 0.0 0.0 0.0 0.0 0.0
 0.0 1.0 0.0 0.0 0.0 0.0 0.0 0.0 0.0 0.0 0.0 0.0 0.0 0.0 0.0 1.0 0.0
 0.0 0.0 1.0 0.0 0.0 0.0 0.0 0.0 0.0 0.0 0.0 0.0 0.0 1.0 0.0 0.0 0.0
 0.0 0.0 0.0 1.0 0.0 0.0 0.0 0.0 0.0 0.0 0.0 1.0 0.0 0.0 0.0 0.0 0.0
 0.0 0.0 0.0 0.0 1.0 0.0 0.0 0.0 0.0 1.0 0.0 0.0 0.0 0.0 0.0 0.0 0.0
 0.0 0.0 0.0 0.0 0.0 0.0 0.0 0.0 1.0 0.0 1.0 0.0 0.0 0.0 0.0 0.0 0.0
 0.0 0.0 0.0 0.0 0.0 0.0 0.0 0.0 0.0 1.0 0.0 0.0 0.0 0.0 0.0 0.0 0.0
 0.0 0.0 0.0 0.0 0.0 0.0 0.0 1.0 0.0 0.0 0.0 0.0 1.0 0.0 0.0 0.0 0.0
 0.0 0.0 0.0 0.0 0.0 0.0 0.0 0.0 0.0 0.0 0.0 1.0 0.0 0.0 0.0 0.0 0.0
 0.0 0.0 0.0 0.0 0.0 0.0 1.0 0.0 0.0 0.0 0.0 0.0 0.0 0.0 1.0 0.0 0.0
 0.0 0.0 0.0 0.0 0.0 0.0 0.0 0.0 0.0 0.0 0.0 0.0 0.0 1.0 0.0 0.0 0.0
 0.0 0.0 0.0 0.0 0.0 1.0 0.0 0.0 0.0 0.0 0.0 0.0 0.0 0.0 0.0 0.0 1.0
 0.0 0.0 0.0 0.0 0.0 0.0 0.0 0.0 0.0 0.0 0.0 0.0 0.0 0.0 0.0 1.0 0.0

* Normalize matrix M
 0.0 0.25 0.25 0.25 0.25 0.0 0.0 0.0 0.0 0.0 0.0 0.0 0.0 0.0 0.0 0.0 0.0
 0.5 0.0 0.0 0.0 0.0 0.5 0.0 0.0 0.0 0.0 0.0 0.0 0.0 0.0 0.0 0.0 0.0
 0.5 0.0 0.0 0.0 0.0 0.0 0.5 0.0 0.0 0.0 0.0 0.0 0.0 0.0 0.0 0.0 0.0
 0.5 0.0 0.0 0.0 0.0 0.0 0.0 0.5 0.0 0.0 0.0 0.0 0.0 0.0 0.0 0.0 0.0
 0.5 0.0 0.0 0.0 0.0 0.0 0.0 0.0 0.5 0.0 0.0 0.0 0.0 0.0 0.0 0.0 0.0
 0.0 0.5 0.0 0.0 0.0 0.0 0.0 0.0 0.0 0.0 0.0 0.0 0.0 0.0 0.0 0.5 0.0
 0.0 0.0 0.5 0.0 0.0 0.0 0.0 0.0 0.0 0.0 0.0 0.0 0.0 0.5 0.0 0.0 0.0
 0.0 0.0 0.0 0.5 0.0 0.0 0.0 0.0 0.0 0.0 0.0 0.5 0.0 0.0 0.0 0.0 0.0
 0.0 0.0 0.0 0.0 0.5 0.0 0.0 0.0 0.0 0.5 0.0 0.0 0.0 0.0 0.0 0.0 0.0
 0.0 0.0 0.0 0.0 0.0 0.0 0.0 0.0 0.5 0.0 0.5 0.0 0.0 0.0 0.0 0.0 0.0
 0.0 0.0 0.0 0.0 0.0 0.0 0.0 0.0 0.0 1.0 0.0 0.0 0.0 0.0 0.0 0.0 0.0
 0.0 0.0 0.0 0.0 0.0 0.0 0.0 0.5 0.0 0.0 0.0 0.0 0.5 0.0 0.0 0.0 0.0
 0.0 0.0 0.0 0.0 0.0 0.0 0.0 0.0 0.0 0.0 0.0 1.0 0.0 0.0 0.0 0.0 0.0
 0.0 0.0 0.0 0.0 0.0 0.0 0.5 0.0 0.0 0.0 0.0 0.0 0.0 0.0 0.5 0.0 0.0
 0.0 0.0 0.0 0.0 0.0 0.0 0.0 0.0 0.0 0.0 0.0 0.0 0.0 1.0 0.0 0.0 0.0
 0.0 0.0 0.0 0.0 0.0 0.5 0.0 0.0 0.0 0.0 0.0 0.0 0.0 0.0 0.0 0.0 0.5
 0.0 0.0 0.0 0.0 0.0 0.0 0.0 0.0 0.0 0.0 0.0 0.0 0.0 0.0 0.0 1.0 0.0

Mpower[0]
 1 0 0 0 0 0 0 0 0 0 0 0 0 0 0 0 0
 0 1 0 0 0 0 0 0 0 0 0 0 0 0 0 0 0
 0 0 1 0 0 0 0 0 0 0 0 0 0 0 0 0 0
 0 0 0 1 0 0 0 0 0 0 0 0 0 0 0 0 0
 0 0 0 0 1 0 0 0 0 0 0 0 0 0 0 0 0
 0 0 0 0 0 1 0 0 0 0 0 0 0 0 0 0 0
 0 0 0 0 0 0 1 0 0 0 0 0 0 0 0 0 0
 0 0 0 0 0 0 0 1 0 0 0 0 0 0 0 0 0
 0 0 0 0 0 0 0 0 1 0 0 0 0 0 0 0 0
 0 0 0 0 0 0 0 0 0 1 0 0 0 0 0 0 0
 0 0 0 0 0 0 0 0 0 0 1 0 0 0 0 0 0
 0 0 0 0 0 0 0 0 0 0 0 1 0 0 0 0 0
 0 0 0 0 0 0 0 0 0 0 0 0 1 0 0 0 0
 0 0 0 0 0 0 0 0 0 0 0 0 0 1 0 0 0
 0 0 0 0 0 0 0 0 0 0 0 0 0 0 1 0 0
 0 0 0 0 0 0 0 0 0 0 0 0 0 0 0 1 0
 0 0 0 0 0 0 0 0 0 0 0 0 0 0 0 0 1

Mpower[1]
 0.0 0.25 0.25 0.25 0.25 0.0 0.0 0.0 0.0 0.0 0.0 0.0 0.0 0.0 0.0 0.0 0.0
 0.5 0.0 0.0 0.0 0.0 0.5 0.0 0.0 0.0 0.0 0.0 0.0 0.0 0.0 0.0 0.0 0.0
 0.5 0.0 0.0 0.0 0.0 0.0 0.5 0.0 0.0 0.0 0.0 0.0 0.0 0.0 0.0 0.0 0.0
 0.5 0.0 0.0 0.0 0.0 0.0 0.0 0.5 0.0 0.0 0.0 0.0 0.0 0.0 0.0 0.0 0.0
 0.5 0.0 0.0 0.0 0.0 0.0 0.0 0.0 0.5 0.0 0.0 0.0 0.0 0.0 0.0 0.0 0.0
 0.0 0.5 0.0 0.0 0.0 0.0 0.0 0.0 0.0 0.0 0.0 0.0 0.0 0.0 0.0 0.5 0.0
 0.0 0.0 0.5 0.0 0.0 0.0 0.0 0.0 0.0 0.0 0.0 0.0 0.0 0.5 0.0 0.0 0.0
 0.0 0.0 0.0 0.5 0.0 0.0 0.0 0.0 0.0 0.0 0.0 0.5 0.0 0.0 0.0 0.0 0.0
 0.0 0.0 0.0 0.0 0.5 0.0 0.0 0.0 0.0 0.5 0.0 0.0 0.0 0.0 0.0 0.0 0.0
 0.0 0.0 0.0 0.0 0.0 0.0 0.0 0.0 0.5 0.0 0.5 0.0 0.0 0.0 0.0 0.0 0.0
 0.0 0.0 0.0 0.0 0.0 0.0 0.0 0.0 0.0 1.0 0.0 0.0 0.0 0.0 0.0 0.0 0.0
 0.0 0.0 0.0 0.0 0.0 0.0 0.0 0.5 0.0 0.0 0.0 0.0 0.5 0.0 0.0 0.0 0.0
 0.0 0.0 0.0 0.0 0.0 0.0 0.0 0.0 0.0 0.0 0.0 1.0 0.0 0.0 0.0 0.0 0.0
 0.0 0.0 0.0 0.0 0.0 0.0 0.5 0.0 0.0 0.0 0.0 0.0 0.0 0.0 0.5 0.0 0.0
 0.0 0.0 0.0 0.0 0.0 0.0 0.0 0.0 0.0 0.0 0.0 0.0 0.0 1.0 0.0 0.0 0.0
 0.0 0.0 0.0 0.0 0.0 0.5 0.0 0.0 0.0 0.0 0.0 0.0 0.0 0.0 0.0 0.0 0.5
 0.0 0.0 0.0 0.0 0.0 0.0 0.0 0.0 0.0 0.0 0.0 0.0 0.0 0.0 0.0 1.0 0.0

Mpower[2]
 0.5 0.0 0.0 0.0 0.0 0.125 0.125 0.125 0.125 0.0 0.0 0.0 0.0 0.0 0.0 0.0 0.0
 0.0 0.375 0.125 0.125 0.125 0.0 0.0 0.0 0.0 0.0 0.0 0.0 0.0 0.0 0.0 0.25 0.0
 0.0 0.125 0.375 0.125 0.125 0.0 0.0 0.0 0.0 0.0 0.0 0.0 0.0 0.25 0.0 0.0 0.0
 0.0 0.125 0.125 0.375 0.125 0.0 0.0 0.0 0.0 0.0 0.0 0.25 0.0 0.0 0.0 0.0 0.0
 0.0 0.125 0.125 0.125 0.375 0.0 0.0 0.0 0.0 0.25 0.0 0.0 0.0 0.0 0.0 0.0 0.0
 0.25 0.0 0.0 0.0 0.0 0.5 0.0 0.0 0.0 0.0 0.0 0.0 0.0 0.0 0.0 0.0 0.25
 0.25 0.0 0.0 0.0 0.0 0.0 0.5 0.0 0.0 0.0 0.0 0.0 0.0 0.0 0.25 0.0 0.0
 0.25 0.0 0.0 0.0 0.0 0.0 0.0 0.5 0.0 0.0 0.0 0.0 0.25 0.0 0.0 0.0 0.0
 0.25 0.0 0.0 0.0 0.0 0.0 0.0 0.0 0.5 0.0 0.25 0.0 0.0 0.0 0.0 0.0 0.0
 0.0 0.0 0.0 0.0 0.25 0.0 0.0 0.0 0.0 0.75 0.0 0.0 0.0 0.0 0.0 0.0 0.0
 0.0 0.0 0.0 0.0 0.0 0.0 0.0 0.0 0.5 0.0 0.5 0.0 0.0 0.0 0.0 0.0 0.0
 0.0 0.0 0.0 0.25 0.0 0.0 0.0 0.0 0.0 0.0 0.0 0.75 0.0 0.0 0.0 0.0 0.0
 0.0 0.0 0.0 0.0 0.0 0.0 0.0 0.5 0.0 0.0 0.0 0.0 0.5 0.0 0.0 0.0 0.0
 0.0 0.0 0.25 0.0 0.0 0.0 0.0 0.0 0.0 0.0 0.0 0.0 0.0 0.75 0.0 0.0 0.0
 0.0 0.0 0.0 0.0 0.0 0.0 0.5 0.0 0.0 0.0 0.0 0.0 0.0 0.0 0.5 0.0 0.0
 0.0 0.25 0.0 0.0 0.0 0.0 0.0 0.0 0.0 0.0 0.0 0.0 0.0 0.0 0.0 0.75 0.0
 0.0 0.0 0.0 0.0 0.0 0.5 0.0 0.0 0.0 0.0 0.0 0.0 0.0 0.0 0.0 0.0 0.5

Mpower[3]
 0.0 0.1875 0.1875 0.1875 0.1875 0.0 0.0 0.0 0.0 0.0625 0.0 0.0625 0.0 0.0625 0.0 0.0625 0.0
 0.375 0.0 0.0 0.0 0.0 0.3125 0.0625 0.0625 0.0625 0.0 0.0 0.0 0.0 0.0 0.0 0.0 0.125
 0.375 0.0 0.0 0.0 0.0 0.0625 0.3125 0.0625 0.0625 0.0 0.0 0.0 0.0 0.0 0.125 0.0 0.0
 0.375 0.0 0.0 0.0 0.0 0.0625 0.0625 0.3125 0.0625 0.0 0.0 0.0 0.125 0.0 0.0 0.0 0.0
 0.375 0.0 0.0 0.0 0.0 0.0625 0.0625 0.0625 0.3125 0.0 0.125 0.0 0.0 0.0 0.0 0.0 0.0
 0.0 0.3125 0.0625 0.0625 0.0625 0.0 0.0 0.0 0.0 0.0 0.0 0.0 0.0 0.0 0.0 0.5 0.0
 0.0 0.0625 0.3125 0.0625 0.0625 0.0 0.0 0.0 0.0 0.0 0.0 0.0 0.0 0.5 0.0 0.0 0.0
 0.0 0.0625 0.0625 0.3125 0.0625 0.0 0.0 0.0 0.0 0.0 0.0 0.5 0.0 0.0 0.0 0.0 0.0
 0.0 0.0625 0.0625 0.0625 0.3125 0.0 0.0 0.0 0.0 0.5 0.0 0.0 0.0 0.0 0.0 0.0 0.0
 0.125 0.0 0.0 0.0 0.0 0.0 0.0 0.0 0.5 0.0 0.375 0.0 0.0 0.0 0.0 0.0 0.0
 0.0 0.0 0.0 0.0 0.25 0.0 0.0 0.0 0.0 0.75 0.0 0.0 0.0 0.0 0.0 0.0 0.0
 0.125 0.0 0.0 0.0 0.0 0.0 0.0 0.5 0.0 0.0 0.0 0.0 0.375 0.0 0.0 0.0 0.0
 0.0 0.0 0.0 0.25 0.0 0.0 0.0 0.0 0.0 0.0 0.0 0.75 0.0 0.0 0.0 0.0 0.0
 0.125 0.0 0.0 0.0 0.0 0.0 0.5 0.0 0.0 0.0 0.0 0.0 0.0 0.0 0.375 0.0 0.0
 0.0 0.0 0.25 0.0 0.0 0.0 0.0 0.0 0.0 0.0 0.0 0.0 0.0 0.75 0.0 0.0 0.0
 0.125 0.0 0.0 0.0 0.0 0.5 0.0 0.0 0.0 0.0 0.0 0.0 0.0 0.0 0.0 0.0 0.375
 0.0 0.25 0.0 0.0 0.0 0.0 0.0 0.0 0.0 0.0 0.0 0.0 0.0 0.0 0.0 0.75 0.0

Mpower[4]
 0.375 0.0 0.0 0.0 0.0 0.125 0.125 0.125 0.125 0.0 0.03125 0.0 0.03125 0.0 0.03125 0.0 0.03125
 0.0 0.25 0.125 0.125 0.125 0.0 0.0 0.0 0.0 0.03125 0.0 0.03125 0.0 0.03125 0.0 0.28125 0.0
 0.0 0.125 0.25 0.125 0.125 0.0 0.0 0.0 0.0 0.03125 0.0 0.03125 0.0 0.28125 0.0 0.03125 0.0
 0.0 0.125 0.125 0.25 0.125 0.0 0.0 0.0 0.0 0.03125 0.0 0.28125 0.0 0.03125 0.0 0.03125 0.0
 0.0 0.125 0.125 0.125 0.25 0.0 0.0 0.0 0.0 0.28125 0.0 0.03125 0.0 0.03125 0.0 0.03125 0.0
 0.25 0.0 0.0 0.0 0.0 0.40625 0.03125 0.03125 0.03125 0.0 0.0 0.0 0.0 0.0 0.0 0.0 0.25
 0.25 0.0 0.0 0.0 0.0 0.03125 0.40625 0.03125 0.03125 0.0 0.0 0.0 0.0 0.0 0.25 0.0 0.0
 0.25 0.0 0.0 0.0 0.0 0.03125 0.03125 0.40625 0.03125 0.0 0.0 0.0 0.25 0.0 0.0 0.0 0.0
 0.25 0.0 0.0 0.0 0.0 0.03125 0.03125 0.03125 0.40625 0.0 0.25 0.0 0.0 0.0 0.0 0.0 0.0
 0.0 0.03125 0.03125 0.03125 0.28125 0.0 0.0 0.0 0.0 0.625 0.0 0.0 0.0 0.0 0.0 0.0 0.0
 0.125 0.0 0.0 0.0 0.0 0.0 0.0 0.0 0.5 0.0 0.375 0.0 0.0 0.0 0.0 0.0 0.0
 0.0 0.03125 0.03125 0.28125 0.03125 0.0 0.0 0.0 0.0 0.0 0.0 0.625 0.0 0.0 0.0 0.0 0.0
 0.125 0.0 0.0 0.0 0.0 0.0 0.0 0.5 0.0 0.0 0.0 0.0 0.375 0.0 0.0 0.0 0.0
 0.0 0.03125 0.28125 0.03125 0.03125 0.0 0.0 0.0 0.0 0.0 0.0 0.0 0.0 0.625 0.0 0.0 0.0
 0.125 0.0 0.0 0.0 0.0 0.0 0.5 0.0 0.0 0.0 0.0 0.0 0.0 0.0 0.375 0.0 0.0
 0.0 0.28125 0.03125 0.03125 0.03125 0.0 0.0 0.0 0.0 0.0 0.0 0.0 0.0 0.0 0.0 0.625 0.0
 0.125 0.0 0.0 0.0 0.0 0.5 0.0 0.0 0.0 0.0 0.0 0.0 0.0 0.0 0.0 0.0 0.375

Mpower[5]
 0.0 0.15625 0.15625 0.15625 0.15625 0.0 0.0 0.0 0.0 0.09375 0.0 0.09375 0.0 0.09375 0.0 0.09375 0.0
 0.3125 0.0 0.0 0.0 0.0 0.265625 0.078125 0.078125 0.078125 0.0 0.015625 0.0 0.015625 0.0 0.015625 0.0 0.140625
 0.3125 0.0 0.0 0.0 0.0 0.078125 0.265625 0.078125 0.078125 0.0 0.015625 0.0 0.015625 0.0 0.140625 0.0 0.015625
 0.3125 0.0 0.0 0.0 0.0 0.078125 0.078125 0.265625 0.078125 0.0 0.015625 0.0 0.140625 0.0 0.015625 0.0 0.015625
 0.3125 0.0 0.0 0.0 0.0 0.078125 0.078125 0.078125 0.265625 0.0 0.140625 0.0 0.015625 0.0 0.015625 0.0 0.015625
 0.0 0.265625 0.078125 0.078125 0.078125 0.0 0.0 0.0 0.0 0.015625 0.0 0.015625 0.0 0.015625 0.0 0.453125 0.0
 0.0 0.078125 0.265625 0.078125 0.078125 0.0 0.0 0.0 0.0 0.015625 0.0 0.015625 0.0 0.453125 0.0 0.015625 0.0
 0.0 0.078125 0.078125 0.265625 0.078125 0.0 0.0 0.0 0.0 0.015625 0.0 0.453125 0.0 0.015625 0.0 0.015625 0.0
 0.0 0.078125 0.078125 0.078125 0.265625 0.0 0.0 0.0 0.0 0.453125 0.0 0.015625 0.0 0.015625 0.0 0.015625 0.0
 0.1875 0.0 0.0 0.0 0.0 0.015625 0.015625 0.015625 0.453125 0.0 0.3125 0.0 0.0 0.0 0.0 0.0 0.0
 0.0 0.03125 0.03125 0.03125 0.28125 0.0 0.0 0.0 0.0 0.625 0.0 0.0 0.0 0.0 0.0 0.0 0.0
 0.1875 0.0 0.0 0.0 0.0 0.015625 0.015625 0.453125 0.015625 0.0 0.0 0.0 0.3125 0.0 0.0 0.0 0.0
 0.0 0.03125 0.03125 0.28125 0.03125 0.0 0.0 0.0 0.0 0.0 0.0 0.625 0.0 0.0 0.0 0.0 0.0
 0.1875 0.0 0.0 0.0 0.0 0.015625 0.453125 0.015625 0.015625 0.0 0.0 0.0 0.0 0.0 0.3125 0.0 0.0
 0.0 0.03125 0.28125 0.03125 0.03125 0.0 0.0 0.0 0.0 0.0 0.0 0.0 0.0 0.625 0.0 0.0 0.0
 0.1875 0.0 0.0 0.0 0.0 0.453125 0.015625 0.015625 0.015625 0.0 0.0 0.0 0.0 0.0 0.0 0.0 0.3125
 0.0 0.28125 0.03125 0.03125 0.03125 0.0 0.0 0.0 0.0 0.0 0.0 0.0 0.0 0.0 0.0 0.625 0.0

* Topological Indices


d = distance matrix
 2.0 4.0 5.0 6.0 7.0 9.0 10.0 11.0 12.0 14.0 16.0 16.0 18.0 18.0 20.0 20.0 22.0
 4.0 2.0 3.0 4.0 5.0 7.0 7.0 8.0 9.0 10.0 11.0 12.0 13.0 14.0 15.0 18.0 20.0
 5.0 3.0 2.0 3.0 4.0 5.0 7.0 7.0 8.0 9.0 10.0 11.0 12.0 15.0 17.0 15.0 16.0
 6.0 4.0 3.0 2.0 3.0 4.0 5.0 7.0 7.0 8.0 9.0 12.0 14.0 12.0 13.0 14.0 15.0
 7.0 5.0 4.0 3.0 2.0 3.0 4.0 5.0 7.0 9.0 11.0 9.0 10.0 11.0 12.0 13.0 14.0
 9.0 7.0 5.0 4.0 3.0 2.0 3.0 4.0 5.0 6.0 7.0 8.0 9.0 10.0 11.0 13.0 15.0
 10.0 7.0 7.0 5.0 4.0 3.0 2.0 3.0 4.0 5.0 6.0 7.0 8.0 10.0 12.0 11.0 12.0
 11.0 8.0 7.0 7.0 5.0 4.0 3.0 2.0 3.0 4.0 5.0 7.0 9.0 8.0 9.0 10.0 11.0
 12.0 9.0 8.0 7.0 7.0 5.0 4.0 3.0 2.0 4.0 6.0 5.0 6.0 7.0 8.0 9.0 10.0
 14.0 10.0 9.0 8.0 9.0 6.0 5.0 4.0 4.0 2.0 4.0 4.0 5.0 6.0 7.0 8.0 9.0
 16.0 11.0 10.0 9.0 11.0 7.0 6.0 5.0 6.0 4.0 2.0 3.0 4.0 5.0 6.0 7.0 8.0
 16.0 12.0 11.0 12.0 9.0 8.0 7.0 7.0 5.0 4.0 3.0 2.0 4.0 4.0 5.0 6.0 7.0
 18.0 13.0 12.0 14.0 10.0 9.0 8.0 9.0 6.0 5.0 4.0 4.0 2.0 3.0 4.0 5.0 6.0
 18.0 14.0 15.0 12.0 11.0 10.0 10.0 8.0 7.0 6.0 5.0 4.0 3.0 2.0 4.0 4.0 5.0
 20.0 15.0 17.0 13.0 12.0 11.0 12.0 9.0 8.0 7.0 6.0 5.0 4.0 4.0 2.0 3.0 4.0
 20.0 18.0 15.0 14.0 13.0 13.0 11.0 10.0 9.0 8.0 7.0 6.0 5.0 4.0 3.0 2.0 4.0
 22.0 20.0 16.0 15.0 14.0 15.0 12.0 11.0 10.0 9.0 8.0 7.0 6.0 5.0 4.0 4.0 2.0

deg = degree matrix
 4 2 2 2 2 2 2 2 2 2 1 2 1 2 1 2 1

Mconect=connectivity matrix depending of embeded
 0.0 1.0 1.0 1.0 1.0 0.0 0.0 0.0 0.0 0.0 0.0 0.0 0.0 0.0 0.0 0.0 0.0
 1.0 0.0 0.0 0.0 0.0 1.0 0.0 0.0 0.0 0.0 0.0 0.0 0.0 0.0 0.0 0.0 0.0
 1.0 0.0 0.0 0.0 0.0 0.0 1.0 0.0 0.0 0.0 0.0 0.0 0.0 0.0 0.0 0.0 0.0
 1.0 0.0 0.0 0.0 0.0 0.0 0.0 1.0 0.0 0.0 0.0 0.0 0.0 0.0 0.0 0.0 0.0
 1.0 0.0 0.0 0.0 0.0 0.0 0.0 0.0 1.0 0.0 0.0 0.0 0.0 0.0 0.0 0.0 0.0
 0.0 1.0 0.0 0.0 0.0 0.0 0.0 0.0 0.0 0.0 0.0 0.0 0.0 0.0 0.0 1.0 0.0
 0.0 0.0 1.0 0.0 0.0 0.0 0.0 0.0 0.0 0.0 0.0 0.0 0.0 1.0 0.0 0.0 0.0
 0.0 0.0 0.0 1.0 0.0 0.0 0.0 0.0 0.0 0.0 0.0 1.0 0.0 0.0 0.0 0.0 0.0
 0.0 0.0 0.0 0.0 1.0 0.0 0.0 0.0 0.0 1.0 0.0 0.0 0.0 0.0 0.0 0.0 0.0
 0.0 0.0 0.0 0.0 0.0 0.0 0.0 0.0 1.0 0.0 1.0 0.0 0.0 0.0 0.0 0.0 0.0
 0.0 0.0 0.0 0.0 0.0 0.0 0.0 0.0 0.0 1.0 0.0 0.0 0.0 0.0 0.0 0.0 0.0
 0.0 0.0 0.0 0.0 0.0 0.0 0.0 1.0 0.0 0.0 0.0 0.0 1.0 0.0 0.0 0.0 0.0
 0.0 0.0 0.0 0.0 0.0 0.0 0.0 0.0 0.0 0.0 0.0 1.0 0.0 0.0 0.0 0.0 0.0
 0.0 0.0 0.0 0.0 0.0 0.0 1.0 0.0 0.0 0.0 0.0 0.0 0.0 0.0 1.0 0.0 0.0
 0.0 0.0 0.0 0.0 0.0 0.0 0.0 0.0 0.0 0.0 0.0 0.0 0.0 1.0 0.0 0.0 0.0
 0.0 0.0 0.0 0.0 0.0 1.0 0.0 0.0 0.0 0.0 0.0 0.0 0.0 0.0 0.0 0.0 1.0
 0.0 0.0 0.0 0.0 0.0 0.0 0.0 0.0 0.0 0.0 0.0 0.0 0.0 0.0 0.0 1.0 0.0

Sh[0]=2.83321334406
Sh[1]=2.74087543633
Sh[2]=2.81702657316
Sh[3]=2.76347025276
Sh[4]=2.7977439587
Sh[5]=2.76901725048

Tr[0]=17
Tr[1]=0.0
Tr[2]=9.0
Tr[3]=0.0
Tr[4]=7.0
Tr[5]=0.0

H=20.6739653321

W=1168.0

G=176.248691831

S=4512.0


J=36305.7315823

X0=12.9852813742
X1 (Randic) = 8.24264068712
X2=4.41421356237
X3=2.12132034356
X4=0.707106781187
X5=0.0
---------------------------------------------------------------